epoch = 30
lr = 0.00048
dropout = 0.45
# alpha = 0.3
prob = 0.7
wd = 0.002
smoothing = 0.15

No GRL: 0.8477

GRL: 0.8449

epoch = 50
lr = 0.00048
dropout = 0.45
# alpha = 0.3
prob = 0.7
wd = 0.002
smoothing = 0.15

No GRL:

GRL: 0.8480
